8217422
3573650
3804101
3579
2197551
4277131
5237818
6053675
6891824
4357342
2292142
3012490
3441321
5678508
9077467
7846731
1633527
9088883
7257326
9425250
2873527
5721185
1357188
7283371
9510216
6678208
8709586
1879746
6078252
5232891
9896047
9395577
8142586
3017597
3101834
9529647
1072172
1889530
4944794
9522866
5089999
294799
9488365
4064995
2346563
6543698
4671838
6861785
3225059
6625209
8234081
3265239
253177
9284244
8526386
3847069
4541185
5442037
3731517
9399578
9804557
5361450
5391562
7553200
650677
4759249
748111
774502
9563589
6203460
1510193
4128294
1103913
3243746
1905849
5514679
5218753
4104674
6939225
375764
8455659
2003833
5601315
8775092
2470445
4201949
1729842
7915075
8474934
1553394
9678433
5559396
6215552
7679728
8130365
3145693
5189090
705360
7409914
2822076
5673256
7399141
7040480
8402626
1636370
3903970
3820897
1441666
5453659
6234660
7410904
1573338
6630851
764215
3618092
2739679
8374337
5752090
4472500
3910380
4982729
146998
8846966
6746738
348963
4912666
231110
5727224
4055031
1696527
602603
6855557
1513691
6717266
70929
3423322
3038227
2841690
2837335
7114768
681324
6014726
6959377
1155080
4888204
1982329
5124467
5269770
8974733
54407
8025237
2283219
6282906
4729434
2864936
6084083
4282830
4227728
4119405
9774473
2001250
1776357
4047536
5670512
6921217
6957199
1588823
6499627
5132266
8780175
736865
3854010
7979309
8356791
4925976
2919207
6323945
433668
7476686
3212764
897871
1982593
314686
1406303
4210901
2340434
9013922
2146892
100498
186003
1066510
4345237
8918577
1371001
4558392
6389562
2455517
929776
8986176
9355624
6392006
8018310
7347993
1217253
3734843
3616303
7719289
597621
2026611
8790097
172292
5237403
3815422
1867106
9412393
4313482
9720063
6951687
8685975
8079185
5930588
2890952
292553
8790100
33290
1312304
3652476
4014920
9440107
9636491
8705784
3964633
6549220
4000301
8758431
2777214
5733225
282259
6328293
706073
9123280
5530376
1630623
153500
1374758
207048
6813507
7979221
7658326
1243400
2593927
6602209
9538636
7598163
2739074
6999039
3138211
4046787
2879169
6284376
9458467
1583856
4555842
2400945
7384896
4833699
6086863
7693634
3379379
9958966
1699855
3112156
5666969
8579720
5512274
4632911
9205568
9963212
4610618
6050372
8076879
74219
5799779
613923
8034751
5552612
7560255
2155425
1576047
9600041
6726388
7882397
2629916
1196399
4654495
860172
3518546
5979576
3294635
3242304
4041301
5171125
3051247
6457019
6485454
5655997
8251287
9195603
9764101
2006226
3905826
2210214
3873586
231704
7566866
59962
509852
7176556
7386877
9245031
5676082
6590035
1221173
6728579
4488403
7413049
9644010
3812417
3702962
6651887
2858498
3154188
6960213
3698595
5318895
5722180
7140977
7857404
5572752
7718918
9054908
1847687
1657550
3273587
4436911
7177736
5723145
3387822
3474843
2652463
7666431
9661574
5555646
6331408
1733542
7355259
7374117
738475
3842317
357795
9039406
9535485
7886840
1073901
874313
7366009
9679971
4205188
743622
5915019
367327
1433969
5276151
7615683
500689
5324268
4950343
209323
4878570
3474597
3102614
6244447
9701494
6021257
4958550
9422789
9044026
1327061
9730718
8592283
4861081
5819596
3507577
4793762
5397262
6275361
9831246
6113808
7142476
3282569
1978924
7900447
3820941
8868075
5343450
5105374
2461300
7841795
3705825
7774709
5627649
5402159
7705065
3352865
6771044
7299305
3294055
6925974
1781508
8156529
5365892
6496582
3127862
4926730
2099334
3240233
2707199
194225
8213658
7931708
7854598
47499
5188563
2444662
217019
9148593
2646500
2727182
8675364
1046914
9597607
4281828
1138436
6326851
4925837
7104449
5717172
3790809
6420637
3047642
3279650
7993407
1247951
6452572
2129425
5566687
6597048
545149
7985082
6035728
9389756
1146150
8947690
8269755
8231568
4674522
904900
1000579
5546144
4596895
7564007
2955220
4030956
7136622
9488973
1132035
674033
8795405
9155745
1157643
3564656
6809536
6499673
2215006
1887290
9096208
9173685
2225639
9850820
1194836
9476014
8175384
6163821
6616488
8126421
704984
4397491
962581
8942425
8502545
4291011
6378559
5980255
2508333
1271484
7086768
9893957
7177868
2090936
1888731
5142891
7454236
1150117
5649761
7882708
5326027
868035
4021334
6001810
9784854
1399301
2968795
5602360
8494474
478125
7410456
6364199
8849253
8675858
3333737
8260675
56343
8809519
6061233
4209695
9024657
7584374
7825940
6712107
5193809
8530602
9736950
7214313
417448
7888196
4340262
8323886
2281361
3945962
5945172
7549724
6418551
4594422
3302275
1829646
844580
2326605
3725528
101944
1586652
241868
943554
6453189
6101199
6979531
3896788
2199345
3204604
1170199
7076679
5166769
8622903
3545060
1331331
767325
2451615
1920130
8782751
1710094
9927027
8459665
519017
8730802
7218987
6761281
2613403
4115408
6449796
7832536
3496234
4032566
5402357
1863686
4890359
3761576
660546
1763293
4097220
6164362
7494056
4675737
6562354
4566277
2749550
2511125
2321154
8131493
1969189
4210778
6120981
4290246
759847
7299391
7116907
1878023
1160212
2040786
4300743
9850918
3961069
3585369
7908116
3540270
604670
9700437
195630
5920387
6935902
6168018
4119930
4933966
7665089
2926834
9991113
7146359
1632399
1540744
5382561
706008
246494
5701701
9762330
4826217
9246453
9149425
3464611
6690870
6990402
7044881
8746016
2462262
5319321
7014761
9332005
6609750
3940554
5299895
5424748
7695459
3967146
6431500
2632168
9388093
5713556
6573828
875576
2646319
4831036
7308374
4005796
4484943
6995587
2816731
5113635
7510610
7847357
1259321
5834714
4824146
3454099
7567799
281295
9795737
6646680
2680646
7760753
351407
6754506
4438177
4414488
5523920
4913302
3746406
3833960
3705959
3827222
4552621
6603878
4689443
2007325
1303284
8055401
2064155
2634894
1802235
9410456
3676678
8290725
6299417
4188236
2052705
9742246
2508852
3097541
7266430
8671496
5339878
2030704
7950972
2390800
5972376
1665538
8171721
5914060
6584174
7199368
3798527
8123423
2866759
4154496
7075191
3756764
2980201
3573566
9507352
410014
359086
3724204
4887899
4360057
7790944
5729026
3906134
9228154
7012465
2285632
4953459
1491890
1837909
7364494
4942595
1412759
6280781
814220
2237228
3466936
665169
3718692
9019071
3977690
3765558
6653262
6174552
4150249
6546381
2846188
5070368
3791836
8114169
7946011
8715785
7775629
4711446
407027
7091496
5309971
271706
6074521
3253015
2921048
9312189
8697563
7453559
3902115
3274946
4038153
5184359
1370323
988387
2300145
1016761
5672348
6026042
8960071
3836008
8395966
2326800
8670307
3978832
5188705
392141
9829780
6731441
932738
2876199
4193361
3196778
5385385
6423595
7295706
5332315
4475039
804098
2569480
1419805
4942244
2495641
3853787
7110738
3287867
6294065
3468621
4039512
9109293
7997406
253038
9960985
8764410
2805366
6728271
2582856
1150575
4742402
2223241
1069785
1397170
616009
3733653
9377827
93341
783726
3333378
3496197
3978938
9078748
8788897
2520734
5764702
5536068
375656
4798461
9909505
2230399
8079856
9079506
6776289
4455966
7475685
4235711
6001343
473017
8045151
7650286
1752178
892780
4793589
2477174
7041715
6399171
136163
174433
3595282
3255129
3660513
9555174
725929
512004
37092
1811231
210538
6279920
5672570
6044845
8671950
9396356
9297566
6103875
341837
5315668
6177318
1003161
8841287
1920912
2473754
7265942
7388762
2170931
6783254
140937
7909481
6185857
5900181
642474
1212498
306144
7501269
3435658
5469674
2658443
2371777
2558135
1612522
9471481
7306173
3818423
7493157
9093938
4783701
8274205
4806445
6819556
4422143
3736436
4963159
6125190
5623341
7417777
1486750
6789585
580638
8329745
4559130
5959753
8355586
5415882
486787
3241822
2383204
4870637
94602
5634886
5297537
3750928
8094212
722820
5588401
971834
3957730
1901564
5863060
661592
6514322
9961955
1872171
3145028
9493324
1547412
1944923
874078
5063074
3284419
1736124
3332361
4813277
2268344
2541445
6020220
1649723
4656651
5582973
1446473
3895839
7879397
5493999
1159719
5155357
4085113
55836
9893986
2363597
1796400
4165051
5925118
4552204
2498530
530120
8033655
871543
8245496
8450363
5267972
5959372
7184791
5238939
3968513
4181099
726128
1129566
5400298
9337523